0000000110011000110010011010100101101110001101000111111001101110010011100011000011000111000111100001110011111100001010101010100100000001100010000000000000000111010001101100111010000011100111100111011011100111001111100000001
000000011001100011001001101010010110111000110100011111100110111001001110001100001100011100011110000111001111110000101010101010010000000110001000000000000000011101000110110011101000001110011110011101101110011100111110000000
00000001100110001100100110101001011011100011010001111110011011100100111000110000110001110001111000011100111111000010101010101001000000011000100000000000000001110100011011001110100000111001
000000011001100011001001101010010110111000110100011111100110111001001110001100001100011100011110000111001111110000101010101010010000000110001000000000000000011101000110110011101000001110011110011101101110011100111110000000111111
00000001100110001100100110101001011011100011010001111110011011100100111000110000110001110001111000011100111111000010101010101001000000011000100000000000000001110100011011001110100000111001111001110110
0000000110011000110010011010100101101110001101000111111001101110010011100011000011000111000111100001110011111100001010101010100100000001100010000000000000000111010001101100111010000011100
00000001100110001100100110101001011011100011010001111110011011100100111000110000110001110001111000011100111111000010101010101001000000011000100000000000000001110
0000000110011000110010011010100101101110001101000111111001101110010011100011000011000111000111100001110011111100001010101010100100000001100010000000000000000111010001101100111010000011100111100111011011100111001111100000001111111
000000011001100011001001101010010110111000110100011111100110111001001110001100001100011100011110000111001111110000101010101010010000000110001000000000000000011101000110110011101000001110011110011101101110011
000000011001100011001001101010010110111000110100011111100110111001001110001100001100011100011110000111001111110000101010101010010000000110001000000000000000011101000110110011101000001110011110011101
000000011001100011001001101010010110111000110100011111100110
000000011001100011001001101010010110111000110100011111100110111001001110001100001100011100011110000111001111110000101010101010010000000110001000000000000000011101000110110011101000001110011
0000000110011000110010011010100101101110001101000111111001101110010011100011000011000111000111100001110011111100001010101010100100000001100010000000000000000111010001
0000000110011000110010011010100101101110001101000111111001101
000000011001100011001001101010010110111000110100011111100110111001001110001100001100011100011110000111001111110000101010101010010000000110001000000000000000011101000110110011101000001110011110011101101110011100111
0000000110011000110010011010100101101110001101000111111001101110010011100011000011000111000111100001110011111100001010101010100100000001100010000000000000000111010001101100111010000011100111100111011011100111001
0000000110011000110010011010100101101110001101000111111001101110010011100011000011000111000111100001110011111100001010101010100100000001100010000000000000000111010001101100111010000011100111100111011011100
00000001100110001100100110101001011011100011010001111110011011100100111000110000110001110001111000011100111111000010101010101001000000011000100000000000000001
000000011001100011001001101010010110111000110100011111100110111001001110001100001100011100011110000111001111110000101010101010010000000110001000000000000000011
00000001100110001100100110101001011011100011010001111110011011100100111000110000110001110001111000011100111111000010101010101001000000011000100000000000000001110100011011001110100000111001111001110
00000001100110001100100110101001011011100011010001111110011011100100111000110000110001110001111000011100111111000010101010101001000000011000100000000000000001110100011011001110100000111001111001
0000000110011000110010011010100101101110001101000111111001101110010011100011000011000111000111100001110011111100001010101010100100000001100010000000000000000111010001101100111010000011100111100
00000001100110001100100110101001011011100011010001111110011011100100111000110000110001110001111000011100111111000010101010101001000000011000100000000000000001110100011011001
000000011001100011001001101010010110111000110100011111100110111001001110001100001100011100011110000111001111110000101010101010010000000110001000000000000000011101000110110011101000001
000000011001100011001001101010010110111000110100011111100110111001001110001100001100011100011110000111001111110000101010101010010000000110001000000000000000011101000110
000000011001100011001001101010010110111000110100011111100110111001001110001100001100011100011110000111001111110000101010101010010000000110001000000000000000011101000
0000000110011000110010011010100101101110001101000111111001101110010011100011000011000111000111100001110011111100001010101010100100000001100010000000000000000111010001101100111010000011100111
00000001100110001100100110101001011011100011010001111110011011100100111000110000110001110001111000011100111111000010101010101001000000011000100000000000000001110100011011001110
0000000110011000110010011010100101101110001101000111111001101110010011100011000011000111000111100001110011111100001010101010100100000001100010000000000000000111010001101100111010000011100111100111011011
0000000110011000110010011010100101101110001101000111111001101110010011100011000011000111000111100001110011111100001010101010100100000001100010000000000000000111010001101100111010000011100111100111011011100111001111
000000011001100011001001101010010110111000110100011111100110111001001110001100001100011100011110000111001111110000101010101010010000000110001000000000000000011101000110110011101000001110011110011101101110011100111110000000111111111
000000011001100011001001101010010110111000110100011111100110111001001110001100001100011100011110000111001111110000101010101010010000000110001000000000000000011101000110110011101000001110011110011101101110011100
00000001100110001100100110101001011011100011010001111110011011
00000001100110001
00000001100110001100100110101001011011100011010001111110011011100100111000110000
0000000110011000110010011010100101101110001101000111111001101110010011100011000011000111000111100001110011111100001010101010100100000001100010000000000000000
0000000110011000110010011010100101101110001101000111111001101110010011100011000011000111000111100001110011111100001010101010100100000001100010000000000000000111010001101100111010000011100111100111011011100111001111100000001111111111111
000000011001100011001001101010010110111000110100011111100110111001001110001100001100011100011110000111001111110000101010101010010000000110001000000000000000011101000110110011101000001110011110011101101
000000011001100011001001101010010110111000110100011111100110111001001110001100001100011100011110000111001111110000101010101010010000000
000000011001100011001001101010010110111000110100011111100110111001001110001100001
00000001100110001100100110
000000011001100011001001
0000000110011000110010011010100101101110001101000111111001101110010011100011000011000111000111100001110011111100001010101010100100000001
000000011001100011001001101010010110111000110100011111100110111001001110001100001100011100011110000111001111110000101010101010010000000110001000000000000000011101000110110011101000001110011110011
000000011001100011001001101010010110111000110100011111100110111001001110001100001100011100011110000111001111
000000011001100011001001101010010110111000110100011111100110111001001110001100001100011100011110000111001111110000101010
000000011001
00000001100110001100100110101001011011100011010001111110011011100100111000110000110001110001111000011100111111000010101010101001000000011000100000000000000001110100011011001110100000
0000000110011000110010011010100101101110001101000
000000011001100011001001101010010110111000110100011111100110111001001110001100001100011100011110000111001111110000101010101010010000000110001000000000000000011101000110110011101000001110011110011101101110011100111110000000111111111111111101011
000000011001100011001001101010010110111000110100011111100110111001001110001100001100011100011110000111001111110000101010101010010000000110001000000000000000011101000110110011101000001110011110011101101110011100111110000000111111111111111
000000011001100011001001101010010
00000001100110001100100110101001011011100011010001111110011011100100111000110000110001110001111000011100111111000010101010101001000000011000100000000000000001110100011011001110100000111001111001110110111001110011111000000011111111111111
0000000110011000110010011010100
0000000110011000110010011010100101101110001101000111111001101110010011100011000011000111000111100001110011111100001010101010100100000001100010000000000000000111010001101100111010000011100111100111011011100111001111100000001111111111111111010
000000011001100011001001101010010110
0000000110011000110010011010100101101
00000001100110001100100110101001011011100011010001111110011011100100111000110000110001110001111000011100111111000010101010101001000000011000100000000000000001110100011011001110100000111001111001110110111001110011111000000011111111111111110101
000000011001100011001001101010010110111000110100011
00000001100110001100100110101001011011100011010001111110011011100100111000110000110001110001111000011100111
00000001100110001100100110101001011011100011010001111110011011100100111000110000110001110001111000011100111111000010101010101001000000011000100000000000000001110100011011001110100000111001111001110110111001110011111000000011111111
0000000110011000110010011010100101101110001101000111111001101110010011100011000011000111000111100001110011111100001010101010100100000001100010000000000000000111010001101100111010000011100111100111011011100111001111100000001111111111
00000001100110001100100110101001011011100011010001111110011011100100111000110000110001110001111000011100111111000010101010101001000000011000100000000000000001110100011011001110100000111001111001110110111001110011111000000011111111111
0000000110011000110010011010100101101110001101000111111001101110010011100011000011000111000111100001110011111100001010101010
00000001100110001100100110101001011011100011010001111110011011100100111000110000110001110001111000011100111111000010101010101001000000011000100000000000000001110100011011001110100000111001111001110110111001
00000001100110001100100110101001011011100011010001111110011011100100111000110000110001110001111000011100111111000010101010
000000011001100011001001101010010110111000110100011111100110111001001110001100001100011
0000000110011000110010011010100101101110001
00000001100110001100100110101001011011100011010001111110011011100100111000110000110001110001111000011100
0000000110011000110010011010100101101110001101000111
00000001100110001100100110101001011011100011010001111110011011100100111000110000110001
00000001100110001100100110101001011011100011010001111110011011100100111000110000110001110001111000011100111111000010101010101001000000011000100000000000000001110100011011001110100000111001111001110110111001110011111000000011111111111111110101111
00000001100110001100
00000001100110001100100110101001011011100011010001111
0000000110011000110010011010100101101110001101000111111001101110010011100011000011000111000111100001110011111100001010101010100
0000000110011000110010011010100101101110001101000111111001101110010011100011000011000111000111100001110011111100001010101010100100000001100010000000000000000111010001101100111010000011100111100111011011100111001111100000001111111111111111010111
0000000110011000110010011010100101101110001101000111111001101110010011100011000011000111000111100001
000000011001100011001001101010010110111000110100011111100110111001001110001100001100011100011110000
0000000110011000110010011010100101101110001101000111111001101110010011100011000011000
000000011001100011001001101010010110111000110100011111100110111001001110001100001100011100011110000111001
000000011001100011001001101010010110111000110
00000001100110001100100110101001011011100011010001111110011011100100111000110000110001110001
0000000110011000110010011010100101101110001101000111111001101110010011100011000011000111000
00000001100110001100100110101001011011
0000000110011000
00000001100110001100100110101001011011100011010001
0000000110011000110010011010
00000001100110001100100110101001011011100011010001111110011011100100111000110000110001110001111000011
0000000110011000110010011010100101
00000001100110001100100
00000001100110001100100110101001011011100011010001111110011011100100111000110000110001110001111000011100111111000010101010101001000000011000100000000000000001110100011011001110100000111001111001110110111001110011111000000011111111111111110
00000001100110001100100110101001011011100011010001111110011011100100111000110000110001110001111000011100111111000010101010101001000000011000
0000000110011000110010011010100101101110001101000111111001101110010011100011000011000111000111100001110011111100001010101010100100000001100010000000000000000111010001101100
000000011001100011001001101010010110111000110100011111100110111001001110001100001100011100011110000111001111110000101010101010010000000110001000000000000000011101000110110011101000001110011110011101101110011100111110000000111111111111
000000011001100011001001101010010110111000110100011111100110111001001110001100001100011100011110000111001111110000101010101010010000000110001000000000000000011101000110110011
0000000110011000110010011010100101101110001101000111111001101110010011100011000011000111000111100001110011111100001010101010100100000001100010000000000000000111010001101100111010000011
0000000110011000110010011010100101101110001101000111111001101110010011100011000011000111000111100001110011111100001010101010100100000001100010000000000000000111010001101
0000000110011000110010011010100101101110001101000111111001101110010011100011000011000111000111100001110011111
00000001
00000001100110001100100110101001011011100011010001111110011011100100
000000011001100011001001101010010110111000110100011111100110111001001110001100001100011100011110000111001111110000
00000001100110001100100110101001011011100011010001111110011011100100111000110000110001110001111000011100111111000010101010101001000000011000100000000000000001110100011011001110100000111001111001110110111001110011111000000011111111111111110101111110110011
000000011001100011001001101010010110111000110100011111100110111001001110001
00000001100110001100100110101001011011100011010001111110011011100100111000
0000000110011000110010011010100101101110001101000111111001101110010011100011000011000111000111100001110011111100001010101010100100000001100010000000000000000111010001101100111010000011100111100111011011100111001111100000001111111111111111010111111011001
000000011001100011001001101010010110111000110100011111100110111001001110001100001100011100011110000111001111110000101010101010010000000110001000000000000000011101000110110011101000001110011110011101101110011100111110000000111111111111111101011111101100
000000011001100011001001101010010110111000
00000001100
0000000110011000110010011010100101101110001101000111111001101110010011
0000000110011000110010011010100101101110001101000111111001
00000001100110001100100110101001011011100011010001111110011011100100111000110000110001110001111000011100111111000010101010101001000000011000100000000000000001110100011011001110100000111001111001110110111001110011111000000011111111111111110101111110
000000011001100011001001101010010110111000110100011111100110111001001110001100001100011100011110000111001111110000101010101010010000000110001000000000000000011101000110110011101000001110011110011101101110011100111110000000111111111111111101011111
0000000
0000000110011000110010011010100101101110001101000111111001101110010011100011000011000111000111
000000011001100011001001101010010110111000110100011111
000000011001100011001001101010010110111000110100011111100110111001001110001100001100011100011110000111001111110000101010101010010000000110001000000000000000011101000110110011101000001110011110011101101110011100111110000000111111111111111101011111101
00000001100110001100100110101001011011100011010001111110011011100
000000011001100011001001101010010110111000110100011111100
0000000110011000110010011010100101101110001101000111111001101110010011100011000011000111000111100001110011111100001010
000000011001100011001001101010010110111000110100011111100110111001001
0000000110011000110010011010100101101110001101000111111001101110010011100011000011000111000111100001110011
00000001100110001100100110101001011011100011010001111110011011100100111000110000110001110001111000011100111111000010
000000011001100011001001101010010110111000110100011111100110111001001110001100001100011100011
00000001100110001100100110101001011011100011010001111110011011100100111000110000110001110001111000011100111111000010101010101001000000011000100000000000000001110100011011001110100000111001111001110110111001110011111000000011111
0000000110011000110010011010100101101110001101000111111001101110010011100011000011000111000111100001110011111100001010101010100100000001100010000000000000000111010001101100111010000011100111100111011011100111001111100000001111
000000011001100011001001101010010110111000110100011111100110111001001110001100001100011100011110000111001111110000101010101010010000000110001000000000000000011101000110110011101000001110011110011101101110011100111110000000111
00000001100110001100100110101001011011100011010001111110011011100100111000110000110001110001111000011100111111000010101010101001000000011000100000000000000001110100011011001110100000111001111001110110111001110011111000000011
00000001100110001100100110101001011011100011010001111110011011100100111000110000110001110001111000011100111111000010101010101001000000011000100000000000000001110100011011001110100000111001111001110110111001110011
